2.791131574393812889e-02
1.655118453818433535e-04
1.579885796826686396e-04
1.233815574664650369e-03
3.987330820562589966e-04
2.091467864370566074e-03
9.712536017634535238e-03
6.169077873323251847e-04
1.324094763054746828e-03
1.204474838437869129e-02
2.031281738777168579e-03
8.125126955108673667e-04
1.843952422867718363e-02
3.009306279669879056e-04
2.512770743524348968e-03
1.571610204557594495e-02
8.912060547242346698e-02
5.491983960397529493e-04
3.310236907636867070e-04
6.357159515802619613e-03
1.310552884796232359e-02
6.921404443240721611e-04
2.866364231385559735e-03
2.031281738777168417e-04
2.858840965686385320e-04
3.814295709481571681e-03
8.275592269092167674e-05
4.340924308423800733e-03
3.132687837136344244e-02
3.009306279669879123e-05
4.036984374177143148e-02
3.084538936661625924e-04
3.987330820562589966e-03
1.296258679967800427e-02
7.982184906824354997e-03
1.933479284687897272e-03
7.673731013158191375e-04
4.240112548054859876e-02
9.780245408927106931e-04
4.664424733488312861e-04
9.027918839009637709e-05
1.385033215218061872e-02
4.513959419504818583e-04
1.649099841259093688e-02
8.591569428457504140e-03
4.363494105521324848e-04
5.740251728470294537e-03
1.271431903160523923e-02
1.354187825851445521e-04
2.916017785000112744e-02
1.058523483873879956e-02
1.331618028753921504e-02
1.948525816086246754e-03
2.837775821728695871e-02
1.775490705005228686e-03
5.612356211584324482e-03
2.222974548792139571e-01
1.504653139834939562e-05
6.846171786248975285e-04
3.611167535603855084e-04
6.244310530314999257e-04
2.377351960939204280e-03
4.220552057237005744e-03
1.700258048013481710e-03
8.651755554050902285e-04
4.890122704463553465e-04
1.053257197884457642e-04
1.027678094507263745e-02
5.958426433746361051e-03
4.513959419504818855e-05
3.159771593653372792e-04
2.497724212125999703e-03
4.890122704463553682e-03
2.664740710647678021e-02
1.391804154347319172e-03
1.865769893395325145e-03
6.996637100232469021e-04
2.934073622678132188e-04
2.275035547430428670e-02
4.603486281324997709e-02
2.219363381256535695e-03
8.576522897059155959e-04
5.845577448258740261e-03
1.061532790153549809e-02
1.512176405534114160e-03
3.761632849587348820e-04
2.873887497084734368e-03
9.479314780960119459e-04
6.627997080972908989e-03
1.030687400786933555e-03
7.192242008411011203e-03
2.084696925241308688e-02
1.661137066377773100e-02
2.062127128143784530e-02
6.770939129257227604e-05
1.948525816086246754e-03
1.116452629757525190e-02
2.700852386003716517e-03
7.132055882817613275e-03
1.139022426855049175e-02
